{
  "camera_angle_x": 1.0017590372400995,
  "camera_angle_y": 0.5967978777404302,
  "fl_x": 1144.407102654056,
  "fl_y": 1144.407102654056,
  "k1": 0.0,
  "k2": 0.0,
  "k3": 0.0,
  "k4": 0.0,
  "p1": 0.0,
  "p2": 0.0,
  "is_fisheye": false,
  "cx": 626.5,
  "cy": 352.0,
  "w": 1253,
  "h": 704,
  "aabb_scale": 1.0,
  "scene_center": [
    3.576635145246706,
    2.8096953369379296,
    7.840486871341751
  ],
  "scene_radius": 5.75815727769794,
  "frames": [
    {
      "file_path": "C:\\Users\\Maxwell\\Documents\\BlenderNeuralangelo\\toy_example_skip30\\undistorted\\/images/000024.jpg",
      "transform_matrix": [
        [
          0.9596948595718869,
          -0.2676337392489373,
          0.08577854117976128,
          1.4622945314200377
        ],
        [
          -0.22731539566443257,
          -0.9186673785907463,
          -0.3230757781188942,
          0.642339120386168
        ],
        [
          0.16526792612366928,
          0.290555380485095,
          -0.9424776302204434,
          1.1403399247652897
        ],
        [
          0.0,
          0.0,
          0.0,
          1.0
        ]
      ]
    },
    {
      "file_path": "C:\\Users\\Maxwell\\Documents\\BlenderNeuralangelo\\toy_example_skip30\\undistorted\\/images/000023.jpg",
      "transform_matrix": [
        [
          0.9913659506705594,
          -0.10781571440293594,
          -0.07462790080688515,
          1.2639489203902718
        ],
        [
          -0.12507020395602592,
          -0.9484459387590046,
          -0.29121769406055725,
          0.8021890848863631
        ],
        [
          -0.039382685706485475,
          0.29803703289915967,
          -0.9537415431274917,
          0.945748950698965
        ],
        [
          0.0,
          0.0,
          0.0,
          1.0
        ]
      ]
    },
    {
      "file_path": "C:\\Users\\Maxwell\\Documents\\BlenderNeuralangelo\\toy_example_skip30\\undistorted\\/images/000022.jpg",
      "transform_matrix": [
        [
          0.9715399666554054,
          0.05426067481411505,
          -0.23057725898260326,
          1.1044992899672166
        ],
        [
          -0.012758969834494137,
          -0.9600100181491757,
          -0.27967476422083876,
          0.8487169801267598
        ],
        [
          -0.2365318200157774,
          0.2746571393973515,
          -0.9319957907083526,
          0.8028930011187697
        ],
        [
          0.0,
          0.0,
          0.0,
          1.0
        ]
      ]
    },
    {
      "file_path": "C:\\Users\\Maxwell\\Documents\\BlenderNeuralangelo\\toy_example_skip30\\undistorted\\/images/000021.jpg",
      "transform_matrix": [
        [
          0.8997479362709349,
          0.21389960871983435,
          -0.38039533194519554,
          0.9081303001818187
        ],
        [
          0.10402749240244027,
          -0.9516418713108771,
          -0.2890605984778839,
          0.9913875886819827
        ],
        [
          -0.4238300744409887,
          0.22051010443386487,
          -0.8784892497019597,
          0.8259730495652112
        ],
        [
          0.0,
          0.0,
          0.0,
          1.0
        ]
      ]
    },
    {
      "file_path": "C:\\Users\\Maxwell\\Documents\\BlenderNeuralangelo\\toy_example_skip30\\undistorted\\/images/000020.jpg",
      "transform_matrix": [
        [
          0.7936161678863969,
          0.32224032159778265,
          -0.5160761118341635,
          0.7611821269332916
        ],
        [
          0.19168126718578898,
          -0.9374533207317686,
          -0.29058486412583556,
          1.1274690050265603
        ],
        [
          -0.5774354248566334,
          0.1316907232326475,
          -0.8057455451537424,
          0.7910018969845369
        ],
        [
          0.0,
          0.0,
          0.0,
          1.0
        ]
      ]
    },
    {
      "file_path": "C:\\Users\\Maxwell\\Documents\\BlenderNeuralangelo\\toy_example_skip30\\undistorted\\/images/000019.jpg",
      "transform_matrix": [
        [
          0.6649569884303028,
          0.3953261783263623,
          -0.6336792692423947,
          0.5497192481936098
        ],
        [
          0.23783153114494845,
          -0.9163451204912463,
          -0.3220990266131407,
          1.0956767574697504
        ],
        [
          -0.7080030835603411,
          0.06347308785427522,
          -0.7033511219777018,
          0.8646536014056293
        ],
        [
          0.0,
          0.0,
          0.0,
          1.0
        ]
      ]
    },
    {
      "file_path": "C:\\Users\\Maxwell\\Documents\\BlenderNeuralangelo\\toy_example_skip30\\undistorted\\/images/000018.jpg",
      "transform_matrix": [
        [
          0.505552655825182,
          0.45861918383487266,
          -0.7308111633019437,
          0.5283131077980145
        ],
        [
          0.28090317435906637,
          -0.8883683130616697,
          -0.36317371460908754,
          1.0316698849552228
        ],
        [
          -0.8157879128934828,
          -0.02168373968203702,
          -0.577944544580444,
          0.8504642469287861
        ],
        [
          0.0,
          0.0,
          0.0,
          1.0
        ]
      ]
    },
    {
      "file_path": "C:\\Users\\Maxwell\\Documents\\BlenderNeuralangelo\\toy_example_skip30\\undistorted\\/images/000017.jpg",
      "transform_matrix": [
        [
          0.3624543115099553,
          0.4998595295278511,
          -0.7866176471501509,
          0.42809893009460015
        ],
        [
          0.29077815105745636,
          -0.8625295383500119,
          -0.4141145521970009,
          0.9592597823207312
        ],
        [
          -0.8854800612862218,
          -0.07863362012467019,
          -0.4579757797642117,
          0.9065072013989941
        ],
        [
          0.0,
          0.0,
          0.0,
          1.0
        ]
      ]
    },
    {
      "file_path": "C:\\Users\\Maxwell\\Documents\\BlenderNeuralangelo\\toy_example_skip30\\undistorted\\/images/000006.jpg",
      "transform_matrix": [
        [
          0.9997407737922163,
          -0.02135610091446219,
          0.007893172433952267,
          1.1365401581486452
        ],
        [
          -0.020544717832427978,
          -0.9955896730692816,
          -0.09153751934036072,
          0.9112187375411507
        ],
        [
          0.009813245463490283,
          0.09135162741589392,
          -0.9957703452011115,
          1.0412176439082397
        ],
        [
          0.0,
          0.0,
          0.0,
          1.0
        ]
      ]
    },
    {
      "file_path": "C:\\Users\\Maxwell\\Documents\\BlenderNeuralangelo\\toy_example_skip30\\undistorted\\/images/000005.jpg",
      "transform_matrix": [
        [
          0.9974143720193347,
          -0.03924354214273929,
          0.06020394413464427,
          1.1509551555476583
        ],
        [
          -0.033363456283685214,
          -0.9948467780565968,
          -0.09574323984081123,
          0.9022203474117247
        ],
        [
          0.06365100371622547,
          0.09348707178267764,
          -0.9935837745934752,
          1.0474493846181774
        ],
        [
          0.0,
          0.0,
          0.0,
          1.0
        ]
      ]
    },
    {
      "file_path": "C:\\Users\\Maxwell\\Documents\\BlenderNeuralangelo\\toy_example_skip30\\undistorted\\/images/000004.jpg",
      "transform_matrix": [
        [
          0.9915358198780765,
          -0.060273347470484434,
          0.11499496286104538,
          1.2640837667067788
        ],
        [
          -0.044660970562800203,
          -0.9899999287132446,
          -0.13381157967888752,
          0.9250664475738828
        ],
        [
          0.12191027687237714,
          0.1275431877148788,
          -0.984312257193025,
          1.1719542740043642
        ],
        [
          0.0,
          0.0,
          0.0,
          1.0
        ]
      ]
    },
    {
      "file_path": "C:\\Users\\Maxwell\\Documents\\BlenderNeuralangelo\\toy_example_skip30\\undistorted\\/images/000003.jpg",
      "transform_matrix": [
        [
          0.979971022556843,
          -0.09314013072076628,
          0.17601622367899564,
          1.2850552346314144
        ],
        [
          -0.060569625265008,
          -0.9814128303327829,
          -0.18209936011269418,
          0.871558025387929
        ],
        [
          0.1897053384703555,
          0.1677908594277851,
          -0.9673975977065133,
          1.1846160780887156
        ],
        [
          0.0,
          0.0,
          0.0,
          1.0
        ]
      ]
    },
    {
      "file_path": "C:\\Users\\Maxwell\\Documents\\BlenderNeuralangelo\\toy_example_skip30\\undistorted\\/images/000001.jpg",
      "transform_matrix": [
        [
          0.9669718257805875,
          -0.12903926229619334,
          0.21980527048415158,
          1.3171019154439259
        ],
        [
          -0.08029146581642492,
          -0.9726839065384334,
          -0.21780564381618298,
          0.7936653037959519
        ],
        [
          0.24190652877424926,
          0.19296343370490254,
          -0.950918684530495,
          1.1770946330269574
        ],
        [
          0.0,
          0.0,
          0.0,
          1.0
        ]
      ]
    },
    {
      "file_path": "C:\\Users\\Maxwell\\Documents\\BlenderNeuralangelo\\toy_example_skip30\\undistorted\\/images/000002.jpg",
      "transform_matrix": [
        [
          0.9698334683708119,
          -0.11984219136743396,
          0.21227551153181326,
          1.3122108792587301
        ],
        [
          -0.07415303639806968,
          -0.9745781270834918,
          -0.2114209105159181,
          0.8266362015715228
        ],
        [
          0.23221621567149053,
          0.1893022011987305,
          -0.9540651475662064,
          1.17468541605523
        ],
        [
          0.0,
          0.0,
          0.0,
          1.0
        ]
      ]
    },
    {
      "file_path": "C:\\Users\\Maxwell\\Documents\\BlenderNeuralangelo\\toy_example_skip30\\undistorted\\/images/000007.jpg",
      "transform_matrix": [
        [
          0.9957147753114413,
          0.025766873994965838,
          -0.08881528264332439,
          1.008833185269721
        ],
        [
          0.013790646948319149,
          -0.9910324390037464,
          -0.13290794896857128,
          0.9372549344543605
        ],
        [
          -0.09144344855282341,
          0.13111358833779616,
          -0.9871409841911915,
          1.1279321930468054
        ],
        [
          0.0,
          0.0,
          0.0,
          1.0
        ]
      ]
    },
    {
      "file_path": "C:\\Users\\Maxwell\\Documents\\BlenderNeuralangelo\\toy_example_skip30\\undistorted\\/images/000008.jpg",
      "transform_matrix": [
        [
          0.9768788488401245,
          0.10389637824492416,
          -0.18685089584045556,
          1.008105384627642
        ],
        [
          0.05528236417312291,
          -0.9670088906129705,
          -0.2486718031601143,
          0.9956356381617947
        ],
        [
          -0.20652257721668915,
          0.2325926655401242,
          -0.9503941692985688,
          1.0664261653684401
        ],
        [
          0.0,
          0.0,
          0.0,
          1.0
        ]
      ]
    },
    {
      "file_path": "C:\\Users\\Maxwell\\Documents\\BlenderNeuralangelo\\toy_example_skip30\\undistorted\\/images/000009.jpg",
      "transform_matrix": [
        [
          0.9551369362775707,
          0.18327489619511522,
          -0.23264510607998135,
          0.9988216788222165
        ],
        [
          0.07998111168114186,
          -0.9159609034323343,
          -0.3932157742991379,
          0.6763729692526652
        ],
        [
          -0.2851604017610873,
          0.3569676957486372,
          -0.8895266209953266,
          0.5774820178437815
        ],
        [
          0.0,
          0.0,
          0.0,
          1.0
        ]
      ]
    },
    {
      "file_path": "C:\\Users\\Maxwell\\Documents\\BlenderNeuralangelo\\toy_example_skip30\\undistorted\\/images/000010.jpg",
      "transform_matrix": [
        [
          0.91633385400271,
          0.2508884164269121,
          -0.3120693360638572,
          0.7579061523614539
        ],
        [
          0.08845907105113338,
          -0.8869480740251119,
          -0.45331899004113535,
          0.8063176727200956
        ],
        [
          -0.3905217801318011,
          0.3877861736652568,
          -0.8349339032263262,
          0.5893002529563683
        ],
        [
          0.0,
          0.0,
          0.0,
          1.0
        ]
      ]
    },
    {
      "file_path": "C:\\Users\\Maxwell\\Documents\\BlenderNeuralangelo\\toy_example_skip30\\undistorted\\/images/000011.jpg",
      "transform_matrix": [
        [
          0.8390500809784699,
          0.3046328668287211,
          -0.4507702053793461,
          0.6675168168768646
        ],
        [
          0.14040716606096415,
          -0.9217187605569528,
          -0.361552699002626,
          0.8413255905525401
        ],
        [
          -0.5256241902050857,
          0.24006945429410487,
          -0.816140838205134,
          0.6335619195708023
        ],
        [
          0.0,
          0.0,
          0.0,
          1.0
        ]
      ]
    },
    {
      "file_path": "C:\\Users\\Maxwell\\Documents\\BlenderNeuralangelo\\toy_example_skip30\\undistorted\\/images/000012.jpg",
      "transform_matrix": [
        [
          0.7057273822317548,
          0.4046550120165412,
          -0.5815523907767962,
          0.5095319415901353
        ],
        [
          0.24727222739191385,
          -0.909905666131587,
          -0.3330587400178456,
          1.0269478781964259
        ],
        [
          -0.663931703964313,
          0.09124691770972965,
          -0.7422052899835174,
          0.6452163100492668
        ],
        [
          0.0,
          0.0,
          0.0,
          1.0
        ]
      ]
    },
    {
      "file_path": "C:\\Users\\Maxwell\\Documents\\BlenderNeuralangelo\\toy_example_skip30\\undistorted\\/images/000013.jpg",
      "transform_matrix": [
        [
          0.5973936688543233,
          0.4543501560869882,
          -0.6608227750891311,
          0.4374204872087632
        ],
        [
          0.28669769782983573,
          -0.8905636594362573,
          -0.35313000233706276,
          1.0792144963748451
        ],
        [
          -0.7489494205030424,
          0.02150125938709634,
          -0.662278235617724,
          0.6181637938522733
        ],
        [
          0.0,
          0.0,
          0.0,
          1.0
        ]
      ]
    },
    {
      "file_path": "C:\\Users\\Maxwell\\Documents\\BlenderNeuralangelo\\toy_example_skip30\\undistorted\\/images/000014.jpg",
      "transform_matrix": [
        [
          0.5548431597416583,
          0.47471331012008383,
          -0.6832249565719374,
          0.43002894214206316
        ],
        [
          0.2540706031611671,
          -0.8786804926351409,
          -0.4041889662914947,
          1.0426728017023328
        ],
        [
          -0.7922103235235028,
          0.05067410637889315,
          -0.6081405579678822,
          0.690754746424618
        ],
        [
          0.0,
          0.0,
          0.0,
          1.0
        ]
      ]
    },
    {
      "file_path": "C:\\Users\\Maxwell\\Documents\\BlenderNeuralangelo\\toy_example_skip30\\undistorted\\/images/000015.jpg",
      "transform_matrix": [
        [
          0.5128426787769733,
          0.4948036784384397,
          -0.7015423769300376,
          0.4883107060356434
        ],
        [
          0.2256726805306171,
          -0.8661505912948,
          -0.4459316028964466,
          0.9485213406269974
        ],
        [
          -0.828289942041423,
          0.07037380907310109,
          -0.555862661913497,
          0.7296766695173185
        ],
        [
          0.0,
          0.0,
          0.0,
          1.0
        ]
      ]
    },
    {
      "file_path": "C:\\Users\\Maxwell\\Documents\\BlenderNeuralangelo\\toy_example_skip30\\undistorted\\/images/000016.jpg",
      "transform_matrix": [
        [
          0.40794225527292566,
          0.5098129114540055,
          -0.7574126429348992,
          0.47617243659814934
        ],
        [
          0.24365775743783907,
          -0.8602832785584942,
          -0.4478209216562036,
          1.0112248831730124
        ],
        [
          -0.8798943195652547,
          -0.001864389293752619,
          -0.47516577154647727,
          0.8202332435661858
        ],
        [
          0.0,
          0.0,
          0.0,
          1.0
        ]
      ]
    }
  ]
}